0	544	544
3	448	736	512	32	4
3	896	384	64	384	4
3	768	608	191	32	4
3	448	384	32	256	4
3	480	512	32	128	4
3	512	544	256	32	4
3	960	0	64	384	4
3	896	224	64	32	4
3	736	160	160	32	4
3	704	192	64	128	4
3	640	288	64	32	4
3	576	224	64	32	4
3	384	160	192	32	4
3	448	192	96	192	4
3	192	160	128	32	4
3	256	192	64	192	4
3	128	224	64	32	4
3	0	0	32	64	4
3	0	160	64	32	4
3	0	192	32	192	4

9000	858	608	52000	9200		
9000	603	608	72000	9200		
9000	746	414	56000	9200
		
9000	920	32	56000	9200
9000	780	32	56000	9200
9000	662	32	51000	9200
9000	408	32	51000	9200
9000	540	32	53000	9200

9000	304	32	51000	9200
9000	176	32	54000	9200

70000	640	720	96	16	72200	1
70000	770	540	64	4	72100	1
70000	576	526	96	16	72200	1
70000	896	160	64	4	72100	1
70000	0	64	32	64	71000	0

-555
// CandleX	Y	Item	Type	
// type	X	Y	W	H	TypeObject
//brick 3
//candle 9