0	2	2	5	2	6	1504	480
3	12	3	1	3	2	3	3	3	4	3	5	3	6	4	1	4	2	4	3	4	4	4	5	4	6	320	736	1280	32	5
3	2	3	5	3	6	1376	704	224	32	5
3	1	2	6	1536	384	64	64	5
3	1	3	3	896	640	64	32	5
3	1	3	2	672	640	32	32	5
3	2	3	0	3	1	192	704	128	32	5
3	1	3	0	128	640	64	32	5
3	1	3	1	256	576	192	32	5
3	3	2	0	3	0	4	0	64	384	64	448	5
3	3	0	0	1	0	2	0	0	0	64	384	5
3	1	1	0	96	320	64	32	5
3	1	2	0	128	384	64	32	5
3	1	1	0	64	320	128	32	5
3	1	1	1	256	192	64	64	5
3	2	1	1	1	2	320	320	320	32	5
3	2	1	1	1	2	448	192	64	32	5
3	2	1	2	1	3	704	320	64	32	5
3	1	1	3	832	256	64	32	5
3	1	1	3	896	320	64	32	5
3	2	1	3	1	4	960	352	128	31	5
3	2	1	3	1	4	960	224	64	32	5
3	1	1	4	1088	192	64	32	5
3	2	1	4	1	5	1216	320	128	32	5
3	1	1	5	1344	288	64	32	5
3	1	1	5	1408	224	64	32	5
3	2	0	5	0	6	1472	0	128	64	5
3	4	0	5	0	6	1	5	1	6	1472	162	128	32	5
3	4	2	5	2	6	3	5	3	6	1504	544	96	32	5
3	1	3	6	1536	576	64	128	5
3	2	3	5	3	6	1504	672	96	32	5
3	1	3	5	1408	608	32	32	5
3	1	3	2	640	640	32	32	7	74000
9000	2	3	5	3	6	1528	640	54000	9200
9000	1	3	5	1400	672	72000	9200
9000	2	3	4	3	5	1272	672	66000	9200
9000	1	3	4	1144	672	54000	9200
9000	2	3	3	3	4	1016	672	64000	9200
9000	1	3	3	888	672	56000	9200
9000	2	3	2	3	3	760	672	53000	9200
9000	1	3	2	632	672	53000	9200
9000	2	3	1	3	2	504	672	51000	9200
9000	1	3	1	376	672	56000	9200
9000	2	3	0	3	1	248	640	56000	9200
9000	1	2	1	376	512	52000	9200
9000	1	0	1	312	96	52000	9200
9000	1	1	1	440	256	51000	9200
9000	1	1	2	568	256	51000	9200
9000	1	1	2	696	256	51000	9200
9000	1	1	3	840	192	51000	9200
9000	1	1	3	952	288	51000	9200
9000	1	1	4	1080	288	51000	9200
9000	1	1	4	1208	256	51000	9200
9000	1	1	5	1336	256	51000	9200
9000	2	0	5	1	5	1456	160	51000	9200
90000	2	2	1	3	1	352	568	32	8	92200	-1
90000	1	1	0	96	256	32	4	92100	-1
90000	1	1	0	96	312	32	8	92200	1
90000	2	0	0	0	1	224	128	32	4	92100	1
90000	2	1	2	1	3	736	312	32	8	92200	1
90000	1	1	3	800	192	32	4	92100	1
90000	2	1	4	1	5	1248	312	32	8	92200	-1
90000	1	0	4	1120	128	32	4	92100	-1
90000	2	0	5	0	6	1520	64	47	1	91000	1
90000	2	1	0	2	0	210	370	1264	1	94000	0
90000	1	1	4	1040	316	32	32	93000	0	850	210	53000
20000	1	3	5	1440	632	23000
20000	1	0	2	544	64	24000
20000	2	0	3	1	3	832	160	24000	
20000	1	0	3	960	96	24000
20000	1	1	4	1040	320	24000
20000	1	3	3	912	606	25000
20000	1	3	2	656	606	25000
20000	1	2	1	400	542	25000
20000	2	2	0	3	0	130	570	26000	
20000	1	1	2	722	239	26000
20000	1	1	4	1219	253	26000
-555