0	1	0	4	1064	96
3	2	0	0	1	0	0	160	224	32	4
3	2	1	1	1	2	256	224	352	32	4
3	14	1	0	1	1	1	2	1	3	1	4	1	5	1	6	2	0	2	1	2	2	2	3	2	4	2	5	2	6	0	352	1536	32	4
3	1	1	5	1344	288	32	32	4
3	2	1	5	1	6	1440	224	96	32	4
3	2	0	5	0	6	1520	0	16	128	4
3	2	1	5	1	6	1520	256	16	96	4
3	1	1	5	1376	288	32	32	8	66000
90000	1	1	1	256	216	32	8	92200	-1
90000	1	0	0	192	96	32	4	92100	-1
90000	1	1	2	704	344	32	8	92200	-1
90000	2	0	2	1	2	576	160	32	4	92100	-1
90000	1	1	5	1344	280	32	8	92200	1
90000	2	0	5	1	5	1408	160	32	4	92100	1
9000	1	0	0	185	89	51000	9200
9000	1	1	0	57	227	52000	9200
9000	2	0	1	1	1	312	160	53000	9200
9000	1	0	1	440	100	60000	9200
9000	1	1	2	570	292	51000	9200
9000	1	1	2	692	230	60000	9200
9000	1	1	3	825	288	51000	9200
9000	1	1	3	952	288	51000	9200
9000	1	1	4	1077	220	52000	9200
9000	1	1	4	1206	288	53000	9200
9000	1	1	5	1332	225	51000	9200
9000	1	1	5	1463	231	52000	9200
40000	1	0	1	262	157	27000	0
40000	1	1	0	-2	287	27000	0
40000	1	1	2	594	287	27000	0
40000	1	0	2	590	157	27000	0
40000	1	1	1	270	284	27000	0
40000	1	1	4	1200	284	27000	-1
20000	1	1	5	1324	226	28000
-555