0	1	3	2	524	600
3	6	3	1	3	2	3	3	4	1	4	2	4	3	448	736	512	32	4
3	1	2	3	896	384	64	160	4
3	2	2	3	3	3	928	416	32	192	4
3	2	3	3	4	3	896	640	64	128	4
3	1	3	3	768	608	192	32	4
3	2	2	1	3	1	448	384	32	256	4
3	4	2	1	2	2	3	1	3	2	480	512	32	128	4
3	4	2	2	2	3	3	2	3	3	512	544	256	32	4
3	4	0	3	0	4	1	3	1	4	960	0	64	383	4
3	1	1	3	896	224	64	32	4
3	4	0	2	0	3	1	2	1	3	736	160	160	32	4
3	2	1	2	1	3	704	192	64	128	4
3	1	1	2	640	288	64	32	4
3	1	1	2	576	224	64	32	4
3	4	0	1	0	2	1	1	1	2	384	160	192	32	4
3	2	1	1	1	2	448	192	96	191	4
3	4	0	0	0	1	1	0	1	1	192	160	128	32	4
3	2	1	1	2	1	256	192	64	192	4
3	1	1	0	128	224	64	32	4
3	1	0	0	0	0	32	64	4
3	2	0	0	1	0	0	160	64	32	4
3	2	1	0	2	0	0	192	32	192	4
3	2	0	2	1	2	704	160	32	32	6	66000
3	2	2	3	3	3	896	544	32	32	6	-1
3	1	3	3	896	576	32	32	6	-1
9000	1	3	3	858	608	52000	9200		
9000	1	3	2	603	608	72000	9200		
9000	2	2	2	2	3	746	414	56000	9200		
9000	1	0	3	920	32	56000	9200
9000	1	0	3	780	32	56000	9200
9000	1	0	2	662	32	51000	9200
9000	1	0	1	408	32	51000	9200
9000	1	0	2	540	32	53000	9200
9000	1	0	1	304	32	51000	9200
9000	1	0	0	176	32	54000	9200
90000	1	3	2	640	720	32	16	92200	1
90000	1	2	3	768	540	64	4	92100	1
90000	1	2	2	576	526	32	16	92200	1
90000	2	0	3	1	3	896	160	64	4	92100	1
90000	1	0	0	-15	64	47	1	91000	-1
90000	1	1	0	30	325	630	1	94000	0
20000	1	2	2	544	478	21000
20000	1	1	2	657	220	21000
20000	2	0	0	0	1	224	92	21000
20000	1	2	2	528	432	22000
20000	1	0	2	592	48	22000
9300	2	0	0	1	0	80	160
90000	2	2	3	3	3	912	560	8	32	93000	0	608	688	73000
-555