1000	100	1001
1010	100	1011	1012	1013	1014
1020	100	1021
1030	100	1031
1040	120	1041	1042	1043	1044
1050	120	1051	1052	1053	1054
1060	100	1061
1061	100	1061	1062	1063
1070	100	1071
1071	100	1071	1072	1073
1080	100	1081	1082	1083	1084
1090	100	1091	1092	1093	1094
-900000	2000	-900001
8100	100	8101
8200	100	8201	8202	8203	8204
8300	100	8301	8302	8303
-1000	80	-1001	-1002	-1003	-1004
9100	100	9101	9102
9200	100	9201	9202
8010	120	8001	8002	8003	8004
8020	120	8011	8012	8013	8014
8030	120	8021	8022	8023	8024
8400	200	8401	8402	8403	8404	8405