0	1400	608

3	320	736	1280	32	4
3	1408	704	192	32	4
3	1536	384	64	224	4
3	896	640	64	32	4
3	640	640	64	32	4
3	192	704	128	32	4
3	128	640	64	32	4
3	256	576	192	32	4
3	64	384	64	448	4
3	0	0	64	384	4
3	64	320	64	64	4
3	128	384	64	32	4
3	160	320	32	32	4
3	256	192	64	64	4
3	320	320	320	32	4
3	448	192	64	32	4
3	576	384	896	32	4
3	704	320	64	32	4
3	832	256	64	32	4
3	896	320	64	32	4
3	960	352	128	32	4
3	960	224	64	32	4
3	1088	192	64	32	4
3	1216	320	128	32	4
3	1344	288	64	32	4
3	1408	224	64	32	4
3	1472	0	64	160	4
3	1472	256	64	128	4

	
9000	1528	640	54000	9200
9000	1400	672	72000	9200
9000	1272	672	66000	9200
9000	1144	672	54000	9200
9000	1016	672	64000	9200
9000	888	672	56000	9200
9000	760	672	53000	9200
9000	632	672	53000	9200
9000	504	672	51000	9200
9000	376	672	56000	9200
9000	248	640	56000	9200
9000	376	512	52000	9200

9000	312	96	52000	9200
9000	440	256	51000	9200
9000	568	256	51000	9200
9000	696	256	51000	9200
9000	840	192	51000	9200
9000	952	288	51000	9200
9000	1080	288	51000	9200
9000	1208	256	51000	9200
9000	1336	256	51000	9200
9000	1456	160	51000	9200



70000	320	560	96	16	72200	-1
70000	64	256	64	4	72100	-1

70000	96	304	32	16	72200	1
70000	232	128	64	4	72100	1

70000	736	304	32	16	72200	1
70000	800	192	64	4	72100	1

70000	1216	304	96	16	72200	-1
70000	1088	128	64	4	72100	-1


70000	1504	160	32	96	71000	0

-555



// CandleX	Y	Item	Type	
// type	X	Y	W	H	TypeObject
// simon 0 X Y
// brick 3
// candle 9
// trigger 70000